1
3
13
0.615664 0.078802 -0.163658 0.048122 -0.131000 -0.015614 -0.052393 -0.002596 -0.099430 -0.034735 0.080480 0.065773 -0.074776 
-0.200121 0.949266 -0.012997 -0.073704 -0.091937 0.065983 0.030909 -0.052121 0.110180 -0.045357 -0.137623 -0.031945 0.112756 
0.141141 -0.282793 0.800105 -0.139753 0.009972 0.014147 -0.025495 -0.081698 0.086995 -0.071854 -0.016903 -0.135640 -0.006490 
-0.052262 0.080663 -0.110908 0.655315 0.085361 -0.082074 0.121526 -0.147993 0.166377 -0.107183 0.045576 -0.042104 0.001781 
0.004329 -0.290653 0.143535 0.007040 0.805019 -0.014526 0.110655 -0.064326 -0.005565 0.235220 -0.014403 -0.007462 -0.244800 
0.227338 -0.202239 -0.146690 0.186674 -0.209917 0.856909 -0.000014 0.077113 -0.093204 0.132041 0.111161 -0.092687 0.084412 
-0.179535 0.044661 -0.184152 -0.040966 -0.112213 -0.216974 0.611046 0.124588 -0.044058 -0.109591 -0.048583 0.059594 0.032268 
-0.157124 -0.104803 -0.091687 -0.132289 0.152190 -0.030442 -0.009036 0.783139 0.030505 0.087028 -0.045213 0.034283 0.047504 
-0.080000 -0.137551 -0.069643 0.086455 -0.041138 -0.043287 0.051171 -0.118765 0.730078 0.275556 0.073792 -0.043810 0.025174 
0.060808 -0.098031 -0.124592 0.085175 -0.042410 -0.002473 -0.106329 0.107163 -0.168378 0.980489 0.115305 0.079927 -0.006451 
0.019553 -0.063627 -0.019098 -0.025511 -0.042557 0.013674 -0.055014 -0.093392 0.054858 -0.127633 0.643956 0.251940 0.157978 
-0.052121 -0.017033 -0.028828 -0.008615 0.003599 0.022080 -0.015614 -0.058397 -0.039151 0.000306 -0.077715 0.688912 0.296651 
-0.040717 -0.000995 -0.012975 -0.023196 0.003657 0.084874 0.007529 -0.071610 0.008234 -0.132660 0.095927 -0.170993 0.707300 
2.637760 0.026155 -0.497907 4.997379 3.513922 0.501589 -4.519199 -2.278843 -0.183682 0.133923 -0.473914 -1.101624 0.326825 
1.0 1.0 1.0 1.0 1.0 1.0 1.0 1.0 1.0 1.0 1.0 1.0 1.0 
13
0.849705 0.106481 -0.018526 0.059012 -0.043213 0.002503 -0.002592 0.013477 -0.061705 0.031264 0.054984 -0.005473 -0.025521 
-0.452844 0.996780 -0.065904 0.008282 -0.141012 0.101324 -0.008309 -0.105146 -0.038788 0.027092 -0.071453 0.018277 -0.011795 
0.231365 -0.175893 0.990999 -0.006120 0.100756 -0.029969 0.000758 -0.033034 0.057808 -0.086932 0.001777 -0.001198 -0.033128 
-0.006246 0.091581 -0.118414 0.744032 0.147336 -0.008015 0.032008 0.060424 0.040295 -0.043008 -0.118168 0.155604 -0.099816 
-0.037516 -0.252519 -0.128881 0.082962 0.826801 0.177522 -0.097580 0.257906 -0.195759 0.217269 -0.267093 0.145563 -0.176375 
-0.201152 -0.064121 -0.241028 0.260752 -0.291770 1.007855 0.082397 -0.087390 -0.205476 0.205758 -0.016359 -0.124710 0.180995 
0.181893 0.046923 -0.031775 -0.155311 0.084483 -0.199729 0.976258 0.048309 0.088605 -0.237291 0.150259 -0.147301 0.206118 
-0.084739 -0.019583 0.030012 -0.158454 0.030443 -0.099984 -0.039315 0.951132 0.260938 -0.022412 0.004926 0.009763 -0.017625 
-0.095196 -0.064008 -0.061390 0.024357 -0.066931 -0.022009 -0.015390 -0.083613 0.888919 0.302587 0.010586 -0.058750 0.031696 
0.193783 -0.037974 -0.042868 0.017870 0.032641 0.059103 -0.091461 0.089968 -0.104978 1.009627 0.206142 0.076734 -0.042524 
0.138685 -0.037920 0.069484 0.059763 -0.069528 0.048180 -0.019249 -0.132062 0.179639 -0.141248 0.934252 0.338903 0.012576 
0.022352 -0.064334 -0.039522 0.073635 -0.032943 0.038140 0.036207 -0.098607 -0.039610 0.054292 -0.126150 0.861672 0.398122 
-0.092670 -0.022076 -0.048394 -0.046393 0.006545 -0.024698 0.128035 -0.196304 0.133983 -0.183524 0.128711 -0.181440 1.083153 
-0.541627 -0.013320 -0.253480 0.466640 1.143006 -0.331095 0.067901 0.818691 -0.056490 0.367585 -0.168265 -0.103005 -0.154474 
1.0 1.0 1.0 1.0 1.0 1.0 1.0 1.0 1.0 1.0 1.0 1.0 1.0 
13
0.988421 0.111286 0.120827 -0.078036 -0.011922 0.013872 0.005894 -0.015166 0.016721 -0.011102 0.036730 -0.014388 0.021661 
-0.362793 0.996917 -0.001445 0.103634 -0.108931 0.059011 0.004774 -0.043331 -0.002356 0.014244 -0.044392 0.049672 -0.047344 
0.376190 -0.112370 1.052493 -0.017055 0.134499 -0.089973 0.026598 -0.085864 0.106653 -0.096070 0.081154 -0.071633 0.022945 
0.022674 0.131569 -0.072721 0.759828 0.122782 -0.011245 -0.000418 0.047077 0.016335 0.044252 -0.026023 0.112140 -0.104373 
-0.032362 -0.212462 -0.007655 -0.036326 0.891808 0.120646 -0.026404 0.064276 -0.062882 0.076807 -0.047495 0.019656 -0.085485 
-0.206122 -0.001811 -0.233835 0.238902 -0.178125 0.983468 0.114738 -0.049282 0.010765 0.017652 -0.005217 -0.072585 0.034724 
0.246310 -0.026355 -0.045982 -0.074609 0.047373 -0.101096 1.004479 0.060689 0.018604 -0.085489 0.015877 0.004499 -0.003453 
-0.271263 -0.042080 -0.095877 -0.184764 0.020672 -0.053844 -0.022237 0.975408 0.136448 0.007240 0.023730 -0.026718 -0.029697 
-0.309518 -0.030805 -0.212655 0.037145 -0.102203 0.057949 -0.053273 -0.082690 0.960865 0.219376 0.001888 0.067433 -0.101015 
0.214831 -0.006409 -0.139867 -0.024387 0.038396 0.013774 -0.017588 0.059918 -0.084717 1.023994 0.289457 -0.125481 0.052329 
0.345656 0.051167 0.082364 -0.083005 0.029506 -0.024414 0.085604 -0.093545 0.016696 -0.045909 1.047872 0.158110 0.038768 
0.109393 -0.027063 0.056566 0.050569 -0.047105 0.084424 -0.023380 -0.029908 -0.047856 0.064555 -0.099129 0.956604 0.228716 
-0.094825 0.037851 0.019436 -0.006841 0.043853 -0.056103 0.074941 -0.026711 0.027835 -0.103046 0.091572 -0.175402 1.165163 
0.098462 -0.290213 -0.026254 -0.243254 -0.486572 -0.123108 0.224007 0.047891 -0.004426 0.016291 0.059527 -0.023094 -0.225381 
1.0 1.0 1.0 1.0 1.0 1.0 1.0 1.0 1.0 1.0 1.0 1.0 1.0 
