1
3
13
0.675097 0.092215 -0.091211 0.019713 -0.145776 0.012219 -0.032863 -0.035809 -0.056617 0.026004 0.114340 0.029058 -0.001736 
-0.176052 0.926418 -0.036701 -0.047435 -0.052642 -0.045442 0.021988 0.029786 0.007571 0.022029 -0.095824 0.012243 -0.057944 
-0.019928 -0.240816 0.720436 -0.125862 -0.005479 0.010861 -0.009518 -0.138257 0.073341 -0.156406 -0.022687 -0.158457 0.046507 
0.075555 0.000448 -0.050109 0.610622 0.061732 -0.129221 0.122210 -0.126251 0.169440 -0.101788 0.039129 -0.089781 -0.040903 
-0.034050 -0.303989 0.114715 -0.052636 0.752487 0.014775 0.156879 -0.237976 0.121055 0.033228 0.021876 -0.205546 0.001639 
0.197740 -0.149643 -0.190405 0.154146 -0.173725 0.821458 0.009687 0.089364 -0.192932 0.147956 0.041823 -0.146000 0.121672 
-0.188171 -0.002375 -0.217627 -0.043219 -0.109856 -0.244617 0.552772 0.149761 -0.087186 -0.124930 -0.011052 0.012204 0.009908 
-0.080769 -0.113847 -0.078415 -0.159294 0.214996 -0.046018 0.081303 0.732514 -0.006815 0.100389 -0.041865 -0.057703 0.139694 
-0.110895 -0.109552 -0.094852 0.076177 -0.099903 0.087236 -0.032073 0.005486 0.779954 0.189777 0.069120 0.008719 -0.018173 
0.088872 -0.063058 -0.043939 0.042560 -0.034967 0.177987 -0.134815 0.101206 -0.003829 0.879369 0.178424 0.050544 0.137731 
0.070764 -0.054924 -0.065436 -0.026341 0.024996 0.022550 0.020724 -0.039216 0.021050 -0.082056 0.598794 0.228235 0.176629 
0.005472 -0.037049 -0.025846 0.005696 0.017410 0.046612 0.079609 -0.037893 -0.082043 0.100760 -0.121881 0.605941 0.394148 
-0.007045 -0.012484 -0.041400 -0.014149 0.020883 0.046525 0.047799 -0.033790 -0.028659 -0.086854 0.038330 -0.186977 0.639700 
1.123846 0.617680 -0.216288 4.426932 2.776446 0.557812 -3.121192 -1.992310 -0.633283 -0.680807 -0.376390 -1.356039 0.766293 
1.0 1.0 1.0 1.0 1.0 1.0 1.0 1.0 1.0 1.0 1.0 1.0 1.0 
13
0.929382 0.113377 0.018849 0.021992 -0.020057 0.009829 -0.032984 0.013736 -0.009749 0.047821 0.001400 0.075369 -0.058374 
-0.145841 0.865408 -0.008209 -0.001234 -0.055672 -0.048736 0.032795 -0.115360 0.016919 -0.064274 -0.018202 -0.040012 -0.066287 
0.050780 -0.070367 0.906323 0.042365 0.090628 -0.090668 -0.036328 -0.065983 -0.025947 -0.082364 -0.007143 -0.065606 -0.045803 
0.098570 -0.008571 -0.042708 0.628632 0.220694 -0.101946 0.145223 -0.051258 0.039101 -0.063511 -0.057883 0.049670 -0.057152 
-0.140861 -0.235365 -0.071923 -0.007453 0.765231 0.112672 -0.087270 0.189224 -0.158431 0.219975 -0.125911 0.037438 -0.055711 
-0.008108 0.027768 -0.125658 0.282821 -0.237176 0.943757 -0.044223 0.121331 -0.130016 0.252927 -0.030179 0.064749 0.002071 
0.067280 0.000244 -0.047819 -0.152208 -0.002659 -0.163011 0.834070 0.010816 0.134014 -0.277354 0.206564 -0.100510 0.071931 
-0.121502 -0.126816 0.029059 -0.258208 0.184877 -0.285092 0.153791 0.697802 0.362769 -0.137055 0.189636 -0.156948 0.113014 
0.006868 -0.019801 -0.051059 0.067062 -0.033908 0.051235 -0.033916 0.111114 0.768296 0.409723 -0.124546 0.064299 -0.063715 
0.227953 -0.031204 -0.008951 -0.037682 0.050617 0.085482 -0.138129 0.118078 -0.008439 0.850776 0.294835 0.029398 -0.023639 
0.114159 0.013772 0.019478 0.099848 -0.089199 0.114212 -0.060676 -0.097910 -0.065897 -0.021020 0.636813 0.494997 -0.023730 
0.068570 -0.090249 -0.016854 0.073812 -0.013685 -0.001255 0.054817 -0.037666 -0.070641 -0.093052 0.083074 0.706861 0.360712 
-0.042220 0.024827 -0.021292 0.017208 -0.004806 -0.019726 0.027158 -0.046002 0.152342 -0.124484 0.047487 0.004962 0.822026 
-0.461444 -0.256316 -0.613309 0.730936 1.173289 0.080991 0.207320 0.953276 0.037608 0.338633 -0.160933 -0.169501 -0.429843 
1.0 1.0 1.0 1.0 1.0 1.0 1.0 1.0 1.0 1.0 1.0 1.0 1.0 
13
0.812396 0.071972 0.062601 -0.046123 -0.015789 -0.041613 0.035772 -0.038451 0.023364 -0.024170 0.025349 -0.004499 0.023377 
-0.087593 0.914773 0.010451 0.078388 -0.052167 -0.024084 -0.004991 -0.042555 -0.000145 -0.020754 -0.023193 0.018239 -0.040146 
0.063447 -0.016337 0.901536 0.081186 0.037349 -0.025902 -0.006175 -0.104198 0.073382 -0.079321 0.036747 -0.097850 0.046006 
0.170050 0.053378 0.044274 0.600950 0.156712 -0.025108 0.062667 -0.026404 0.043114 -0.007759 0.013719 0.050628 -0.018752 
-0.195419 -0.207407 -0.010389 0.025281 0.742822 0.162639 -0.072584 0.031892 -0.061146 0.175560 -0.149849 0.179082 -0.165874 
-0.021472 -0.039443 -0.227611 0.358806 -0.174622 0.967680 0.045335 -0.011898 -0.044129 0.111073 -0.051699 0.122600 -0.155749 
0.077817 0.014540 -0.013296 -0.108469 0.044243 -0.054549 0.909530 0.009573 0.028519 -0.066132 0.033193 0.072161 -0.071789 
-0.182409 -0.130399 -0.023001 -0.220059 0.107864 -0.176337 0.130119 0.798341 0.169225 0.067559 0.065668 -0.180148 0.109839 
-0.042574 -0.042875 -0.222195 0.111500 -0.085901 0.060498 -0.015954 0.128935 0.711327 0.333931 -0.018788 -0.047796 0.085672 
0.142888 -0.073090 -0.155375 -0.068753 0.070103 -0.038642 0.033506 -0.057963 -0.063687 0.900561 0.217880 -0.107694 0.068417 
0.147103 0.048879 -0.041380 0.016586 -0.049996 0.045620 0.080768 -0.132126 -0.028813 -0.014246 0.850096 0.307456 0.050755 
0.093493 -0.065579 0.073064 0.024033 -0.002392 0.008297 0.009798 -0.107300 0.015208 -0.053511 0.015613 0.877972 0.277020 
-0.053168 0.060995 0.046862 0.069326 -0.082537 -0.017898 -0.070506 0.027635 -0.013049 0.012494 -0.083364 0.220356 0.765985 
0.103907 -0.208279 -0.033092 -0.237415 -0.288600 -0.197837 -0.327693 -0.397523 -0.872355 0.201865 0.175670 0.137194 0.294066 
1.0 1.0 1.0 1.0 1.0 1.0 1.0 1.0 1.0 1.0 1.0 1.0 1.0 
